154 34
155 17
156 1
157 0
158 0
159 14
160 18
161 52
162 44
163 37
164 163
165 214
166 32
167 213
168 1
169 0
170 5
171 1
172 2
173 8
174 0
175 0
176 7
177 2
178 26
179 25
180 10
181 0
182 5
183 16
184 31
185 12
186 34
187 26
188 1
189 16
190 55
191 30
192 75
193 154
194 137
195 173
196 300
197 277
198 220
199 141
200 356
201 24
202 0
203 0
204 0
205 1
206 17
207 118
208 119
209 282
210 240
211 234
212 347
213 252
214 184
215 271
216 302
217 202
218 379
219 2
220 0
221 8
222 52
223 171
224 336
225 180
226 91
227 137
228 224
229 159
230 188
231 157
232 265
233 313
234 521
235 471
236 388
237 189
238 187
239 59
240 108
241 15
242 61
243 0